M26194.1.p1	ILUMI_00001-PA.p1	50.455	549	269	2	17	565	1	546	0.0	562
M26194.1.p1	ILUMI_02533-PA.p1	49.084	546	275	2	20	565	1	543	0.0	526
M26194.1.p1	ILUMI_02534-PA.p1	51.465	546	262	2	20	565	1	543	0.0	555
M26194.1.p1	ILUMI_06433-PA.p1	48.352	546	278	3	20	565	1	542	0.0	528
M26194.1.p1	ILUMI_26848-PA.p1	50.183	546	269	2	20	565	1	543	0.0	542
M26194.1.p1	ILUMI_26849-PA.p1	50.000	546	270	2	20	565	1	543	0.0	523
M26194.1.p1	ILUMI_12363-PA.p1	28.696	115	79	2	15	128	25	137	0.026	35.0
M26194.1.p1	ILUMI_20402-PA.p1	20.812	197	140	7	45	232	51	240	0.042	36.2
M26194.1.p1	ILUMI_17217-PA.p1	29.091	55	39	0	96	150	12	66	0.28	32.0
M26194.1.p1	ILUMI_20187-PA.p1	30.127	551	358	9	19	558	2	536	1.14e-68	230
